% Created by Oihane Cereceda
% Dec 21, 2018

% EPP FPV data. Section 3 - JSBSim
% Variables:
% Time_S3
% S3_R_Sim
% S3_P_Sim

Time_S3=[5
5.02
5.04
5.06
5.08
5.1
5.12
5.14
5.16
5.18
5.2
5.22
5.24
5.26
5.28
5.3
5.32
5.34
5.36
5.38
5.4
5.42
5.44
5.46
5.48
5.5
5.52
5.54
5.57
5.58
5.6
5.62
5.64
5.66
5.68
5.7
5.72
5.74
5.76
5.78
5.8
5.82
5.84
5.86
5.88
5.9
5.92
5.94
5.96
5.98
6
6.02
6.04
6.06
6.08
6.1
6.12
6.14
6.16
6.18
6.2
6.22
6.24
6.26
6.28
6.3
6.32
6.34
6.36
6.38
6.4
6.42
6.44
6.46
6.48
6.5
6.52
6.54
6.56
6.58
6.6
6.62
6.64
6.66
6.68
6.7
6.72
6.74
6.76
6.78
6.8
6.82
6.84
6.86
6.88
6.9
6.92
6.94
6.96
6.98
7
7.02
7.04
7.06
7.08
7.1
7.12
7.14
7.16
7.18
7.2
7.22
7.24
7.26
7.28
7.3
7.32
7.34
7.36
7.38
7.4
7.42
7.44
7.46
7.48
7.5
7.52
7.54
7.56
7.58
7.6
7.62
7.64
7.66
7.68
7.7
7.72
7.74
7.76
7.78
7.8
7.82
7.84
7.86
7.88
7.9
7.92
7.94
7.96
7.98
8
8.02
8.04
8.06
8.08
8.1
8.12
8.14
8.16
8.18
8.2
8.22
8.24
8.26
8.28
8.3
8.32
8.34
8.36
8.38
8.4
8.42
8.44
8.46
8.48
8.5
8.52
8.54
8.56
8.58
8.6
8.62
8.64
8.66
8.68
8.7
8.72
8.74
8.77
8.78
8.8
8.82
8.84
8.86
8.88
8.9
8.92
8.94
8.96
8.98
9
9.02
9.04
9.06
9.08
9.1
9.12
9.14
9.16
9.18
9.2
9.22
9.24
9.26
9.28
9.3
9.32
9.34
9.37
9.38
9.4
9.42
9.44
9.46
9.48
9.5
9.52
9.54
9.56
9.58
9.6
9.62
9.64
9.66
9.68
9.7
9.72
9.74
9.76
9.78
9.8
9.82
9.84
9.86
9.88
9.9
9.92
9.94
9.96
9.98
10
];

S3_R_Sim=[-36.70459341
-36.68601372
-36.51395344
-36.26330899
-35.87777498
-35.43857768
-34.90116594
-34.29472646
-33.60909206
-32.82833154
-32.03616303
-31.16851101
-30.26883629
-29.31858083
-28.32375914
-27.44011256
-26.59776876
-25.84345119
-25.16050732
-24.56471503
-24.17126273
-23.97443063
-23.97315889
-24.17104608
-24.57370673
-24.95571025
-25.41360068
-25.8725048
-26.35062135
-26.8161324
-27.2578582
-27.65607803
-28.01437708
-28.32481196
-28.58791675
-28.97755437
-29.43584177
-29.99281748
-30.65547383
-31.464094
-32.22031482
-33.03648592
-33.83924549
-34.6630254
-35.4916152
-36.26126007
-37.00114672
-37.69211122
-38.34251513
-38.94827294
-39.50449502
-40.01181383
-40.4727003
-40.88723617
-41.25717801
-41.59885843
-41.90839311
-42.19144031
-42.44870381
-42.68367716
-42.88536324
-43.05799771
-43.20149535
-43.31680026
-43.40414019
-43.43284343
-43.41300076
-43.3434496
-43.22269062
-43.04396976
-42.84331913
-42.593198
-42.31674459
-42.00318921
-41.65960054
-41.30520418
-40.93019996
-40.5468521
-40.14997066
-39.73931211
-39.29018658
-38.7885625
-38.25015402
-37.66332365
-37.02963344
-36.41417295
-35.78492413
-35.16848361
-34.55275571
-33.93814257
-33.44768603
-33.05280205
-32.76535442
-32.58706784
-32.52326898
-32.53420331
-32.64337954
-32.82276759
-33.08478
-33.43151383
-33.78668288
-34.19728236
-34.62450311
-35.08548416
-35.56680554
-36.01282203
-36.44657958
-36.85050561
-37.23023675
-37.58014784
-37.84176833
-38.01363535
-38.10143361
-38.09927159
-38.00402857
-37.9972832
-38.00596159
-38.07481662
-38.19439532
-38.38920191
-38.58211831
-38.82267637
-39.07628101
-39.3600273
-39.66537779
-39.94234891
-40.21247847
-40.46013085
-40.69079559
-40.90013429
-41.09008015
-41.25981526
-41.41043554
-41.5422771
-41.6562307
-41.71776391
-41.73989913
-41.71864676
-41.65513937
-41.54100237
-41.42705009
-41.28869194
-41.14430569
-40.98756452
-40.82431343
-40.69913503
-40.59668261
-40.52512357
-40.48428231
-40.47779807
-40.46046314
-40.45132264
-40.43706508
-40.42219168
-40.402744
-40.34884878
-40.27058045
-40.16438685
-40.02971873
-39.86030074
-39.68184974
-39.47486053
-39.2547353
-39.01434225
-38.75815731
-38.49791954
-38.22742748
-37.95442512
-37.67243824
-37.39135686
-37.09859628
-36.79836385
-36.49174987
-36.17753945
-35.85516675
-35.53348653
-35.20355843
-34.87652562
-34.54494035
-34.20697422
-33.90919941
-33.63070212
-33.3847342
-33.16579024
-32.97700753
-32.81453186
-32.67906131
-32.56853124
-32.48211369
-32.41822002
-32.36544661
-32.32851191
-32.30194603
-32.28573434
-32.27734943
-32.28673841
-32.30745063
-32.34184955
-32.38750746
-32.4440925
-32.44484612
-32.39064999
-32.28467623
-32.11700854
-31.88754486
-31.65522485
-31.3909156
-31.11973323
-30.82954653
-30.51888199
-30.24707502
-29.985029
-29.75116262
-29.53687171
-29.34539951
-29.23090835
-29.1724677
-29.17509225
-29.23713148
-29.34362115
-29.4760656
-29.60943918
-29.74949945
-29.88561209
-30.01712544
-30.18563153
-30.37612499
-30.59125888
-30.83222801
-31.10663625
-31.43718634
-31.85540467
-32.3360139
-32.89981696
-33.54354202
-34.19900284
-34.90512497
-35.62942114
-36.39028303
-37.1926466
-37.93866279
-38.67565346
-39.37260534
-40.0434077
-40.68094248
-41.39160382
-42.14483625
-42.95645568
-43.83516301
-44.80581839
-45.7248416
];

S3_P_Sim=[1.47E+01
1.45E+01
1.45E+01
1.44E+01
1.44E+01
1.43E+01
1.43E+01
1.43E+01
1.43E+01
1.44E+01
1.44E+01
1.44E+01
1.45E+01
1.45E+01
1.46E+01
1.47E+01
1.47E+01
1.48E+01
1.48E+01
1.49E+01
1.48E+01
1.48E+01
1.47E+01
1.45E+01
1.42E+01
1.39E+01
1.35E+01
1.31E+01
1.25E+01
1.20E+01
1.14E+01
1.07E+01
1.01E+01
9.47E+00
8.85E+00
8.23E+00
7.63E+00
7.04E+00
6.46E+00
5.90E+00
5.36E+00
4.85E+00
4.38E+00
3.94E+00
3.55E+00
3.21E+00
2.92E+00
2.69E+00
2.51E+00
2.39E+00
2.32E+00
2.32E+00
2.37E+00
2.48E+00
2.64E+00
2.86E+00
3.11E+00
3.41E+00
3.75E+00
4.13E+00
4.53E+00
4.96E+00
5.41E+00
5.87E+00
6.34E+00
6.82E+00
7.32E+00
7.81E+00
8.31E+00
8.80E+00
9.30E+00
9.79E+00
1.03E+01
1.07E+01
1.12E+01
1.17E+01
1.21E+01
1.25E+01
1.29E+01
1.33E+01
1.37E+01
1.40E+01
1.43E+01
1.47E+01
1.49E+01
1.52E+01
1.55E+01
1.57E+01
1.60E+01
1.62E+01
1.64E+01
1.66E+01
1.67E+01
1.69E+01
1.70E+01
1.71E+01
1.72E+01
1.72E+01
1.73E+01
1.73E+01
1.73E+01
1.73E+01
1.73E+01
1.72E+01
1.72E+01
1.71E+01
1.71E+01
1.70E+01
1.70E+01
1.69E+01
1.68E+01
1.68E+01
1.67E+01
1.67E+01
1.66E+01
1.66E+01
1.66E+01
1.65E+01
1.65E+01
1.65E+01
1.65E+01
1.65E+01
1.65E+01
1.64E+01
1.64E+01
1.64E+01
1.64E+01
1.64E+01
1.65E+01
1.65E+01
1.65E+01
1.66E+01
1.66E+01
1.67E+01
1.68E+01
1.69E+01
1.70E+01
1.71E+01
1.73E+01
1.74E+01
1.76E+01
1.77E+01
1.79E+01
1.80E+01
1.82E+01
1.83E+01
1.85E+01
1.87E+01
1.88E+01
1.90E+01
1.92E+01
1.93E+01
1.95E+01
1.96E+01
1.98E+01
1.99E+01
2.01E+01
2.02E+01
2.04E+01
2.05E+01
2.06E+01
2.08E+01
2.09E+01
2.11E+01
2.12E+01
2.13E+01
2.15E+01
2.16E+01
2.17E+01
2.19E+01
2.20E+01
2.21E+01
2.22E+01
2.24E+01
2.25E+01
2.26E+01
2.27E+01
2.28E+01
2.29E+01
2.30E+01
2.31E+01
2.32E+01
2.32E+01
2.33E+01
2.34E+01
2.34E+01
2.35E+01
2.35E+01
2.36E+01
2.36E+01
2.36E+01
2.36E+01
2.35E+01
2.35E+01
2.35E+01
2.34E+01
2.33E+01
2.32E+01
2.31E+01
2.30E+01
2.29E+01
2.28E+01
2.27E+01
2.26E+01
2.25E+01
2.24E+01
2.22E+01
2.21E+01
2.20E+01
2.18E+01
2.17E+01
2.15E+01
2.13E+01
2.11E+01
2.09E+01
2.06E+01
2.04E+01
2.01E+01
1.97E+01
1.94E+01
1.90E+01
1.86E+01
1.82E+01
1.78E+01
1.73E+01
1.69E+01
1.64E+01
1.59E+01
1.54E+01
1.49E+01
1.43E+01
1.38E+01
1.33E+01
1.27E+01
1.22E+01
1.16E+01
1.11E+01
1.06E+01
1.00E+01
9.54E+00
9.07E+00
8.64E+00
8.24E+00
7.88E+00
7.56E+00
7.28E+00
7.05E+00
6.87E+00
6.74E+00
6.67E+00
6.65E+00
];