% Created by Oihane Cereceda
% Dec 21, 2018

% EPP FPV data. Section 3 - Flight mission
% Variables:
% Time_S3
% S2_R_Real
% S2_P_Real

Time_S3=[5
5.02
5.04
5.06
5.08
5.1
5.12
5.14
5.16
5.18
5.2
5.22
5.24
5.26
5.28
5.3
5.32
5.34
5.36
5.38
5.4
5.42
5.44
5.46
5.48
5.5
5.52
5.54
5.57
5.58
5.6
5.62
5.64
5.66
5.68
5.7
5.72
5.74
5.76
5.78
5.8
5.82
5.84
5.86
5.88
5.9
5.92
5.94
5.96
5.98
6
6.02
6.04
6.06
6.08
6.1
6.12
6.14
6.16
6.18
6.2
6.22
6.24
6.26
6.28
6.3
6.32
6.34
6.36
6.38
6.4
6.42
6.44
6.46
6.48
6.5
6.52
6.54
6.56
6.58
6.6
6.62
6.64
6.66
6.68
6.7
6.72
6.74
6.76
6.78
6.8
6.82
6.84
6.86
6.88
6.9
6.92
6.94
6.96
6.98
7
7.02
7.04
7.06
7.08
7.1
7.12
7.14
7.16
7.18
7.2
7.22
7.24
7.26
7.28
7.3
7.32
7.34
7.36
7.38
7.4
7.42
7.44
7.46
7.48
7.5
7.52
7.54
7.56
7.58
7.6
7.62
7.64
7.66
7.68
7.7
7.72
7.74
7.76
7.78
7.8
7.82
7.84
7.86
7.88
7.9
7.92
7.94
7.96
7.98
8
8.02
8.04
8.06
8.08
8.1
8.12
8.14
8.16
8.18
8.2
8.22
8.24
8.26
8.28
8.3
8.32
8.34
8.36
8.38
8.4
8.42
8.44
8.46
8.48
8.5
8.52
8.54
8.56
8.58
8.6
8.62
8.64
8.66
8.68
8.7
8.72
8.74
8.77
8.78
8.8
8.82
8.84
8.86
8.88
8.9
8.92
8.94
8.96
8.98
9
9.02
9.04
9.06
9.08
9.1
9.12
9.14
9.16
9.18
9.2
9.22
9.24
9.26
9.28
9.3
9.32
9.34
9.37
9.38
9.4
9.42
9.44
9.46
9.48
9.5
9.52
9.54
9.56
9.58
9.6
9.62
9.64
9.66
9.68
9.7
9.72
9.74
9.76
9.78
9.8
9.82
9.84
9.86
9.88
9.9
9.92
9.94
9.96
9.98
10
];

S3_R_Real=[-8.3044
-9.4548
-10.533
-11.633
-12.47
-13.449
-14.054
-14.812
-15.311
-15.81
-16.228
-16.572
-16.792
-17.002
-17.04
-17.078
-17.056
-17.022
-16.924
-16.817
-16.613
-16.439
-16.171
-15.902
-15.634
-15.318
-15.124
-14.882
-14.823
-14.772
-14.916
-15.043
-15.419
-15.814
-16.259
-16.805
-17.315
-17.988
-18.604
-19.236
-19.953
-20.543
-21.274
-22.006
-22.738
-23.632
-24.482
-25.591
-26.654
-27.756
-28.984
-30.026
-31.015
-32.029
-32.879
-33.881
-34.477
-35.297
-35.872
-36.475
-37.14
-37.687
-38.336
-38.951
-39.515
-40.186
-40.643
-41.278
-41.589
-41.897
-41.993
-42.065
-41.908
-41.747
-41.51
-41.22
-40.956
-40.587
-40.328
-40.05
-39.71
-39.434
-39.058
-38.704
-38.374
-37.971
-37.715
-37.359
-37.108
-36.85
-36.624
-36.44
-36.302
-36.177
-35.99
-35.764
-35.551
-35.248
-34.987
-34.71
-34.583
-34.484
-34.505
-34.529
-34.565
-34.608
-34.649
-34.707
-34.914
-35.141
-35.616
-36.014
-36.489
-36.944
-37.422
-38.011
-38.412
-38.978
-39.458
-39.968
-40.491
-40.911
-41.279
-41.62
-41.931
-42.302
-42.558
-42.918
-43.156
-43.41
-43.62
-43.793
-43.883
-43.967
-43.97
-43.97
-43.924
-43.854
-43.827
-43.801
-43.896
-43.975
-44.063
-44.145
-44.322
-44.539
-44.901
-45.408
-45.74
-46.087
-46.333
-46.522
-46.455
-46.383
-46.164
-45.894
-45.532
-45.015
-44.537
-44.03
-43.469
-43.01
-42.629
-42.275
-42.073
-41.832
-41.758
-41.665
-41.674
-41.689
-41.742
-41.787
-41.884
-41.977
-42.206
-42.46
-42.575
-42.666
-42.638
-42.602
-42.39
-42.208
-41.926
-41.661
-41.403
-41.087
-40.876
-40.586
-40.28
-39.953
-39.547
-39.21
-38.746
-38.31
-37.877
-37.516
-37.193
-36.836
-36.621
-36.398
-36.242
-36.119
-36.07
-36.032
-36.09
-36.166
-36.233
-36.326
-36.488
-36.663
-36.845
-36.992
-36.995
-36.99
-36.899
-36.796
-36.644
-36.508
-36.509
-36.52
-36.525
-36.53
-36.623
-36.715
-36.86
-37.04
-37.261
-37.573
-37.893
-38.236
-38.594
-38.894
-39.216
-39.516
-39.824
-40.199
-40.564
-41.084
-41.67
-42.284
-42.997
-43.578
-44.2
-44.773
-45.419
-46.203
-46.785
-47.583
-48.34
-49.151
-49.997
];

S3_P_Real=[10.782
10.885
10.937
11.007
11.07
11.137
11.14
11.14
11.14
11.14
11.149
11.159
11.187
11.228
11.263
11.299
11.331
11.358
11.37
11.38
11.363
11.341
11.29
11.213
11.142
11.063
10.985
10.923
10.816
10.714
10.672
10.623
10.662
10.727
10.776
10.828
10.888
10.937
10.97
10.998
11.056
11.126
11.191
11.284
11.478
11.692
11.87
12.014
12.149
12.274
12.349
12.436
12.519
12.635
12.807
12.993
13.228
13.422
13.665
13.897
14.159
14.484
14.773
15.187
15.612
16.071
16.644
17.109
17.607
18.072
18.472
18.947
19.236
19.636
19.922
20.227
20.583
20.879
21.179
21.469
21.648
21.858
21.928
22.015
21.978
21.932
21.898
21.872
21.797
21.725
21.647
21.555
21.47
21.355
21.227
21.089
20.984
20.904
20.79
20.684
20.559
20.408
20.322
20.206
20.103
19.994
19.847
19.725
19.547
19.377
19.243
19.078
18.908
18.663
18.475
18.277
18.092
17.939
17.812
17.694
17.518
17.325
17.086
16.87
16.699
16.522
16.337
16.187
16.001
15.828
15.632
15.393
15.194
14.916
14.73
14.537
14.346
14.189
14.101
14.024
13.963
13.914
13.968
14.037
14.114
14.197
14.264
14.316
14.431
14.535
14.678
14.851
15.071
15.387
15.651
15.929
16.163
16.35
16.581
16.801
17.101
17.43
17.757
18.043
18.251
18.471
18.67
18.831
18.973
19.103
19.212
19.343
19.373
19.408
19.474
19.547
19.623
19.687
19.769
19.846
19.957
20.092
20.177
20.294
20.421
20.554
20.613
20.658
20.65
20.64
20.597
20.543
20.509
20.462
20.345
20.215
20.072
19.956
19.763
19.581
19.405
19.195
19.047
18.84
18.554
18.244
17.814
17.457
17.007
16.582
16.203
15.754
15.362
14.839
14.357
13.839
13.336
12.929
12.403
11.902
11.392
10.791
10.179
9.3051
8.4929
7.6147
6.515
5.6528
4.7063
3.8205
3.0009
2.0126
1.318
0.35141
-0.37691
-1.1272
-1.8116
-2.3619
-2.9655
-3.5341
-4.0156
-4.5887
-5.0169
-5.6131
-6.0182
-6.4413
-6.8685
-7.2118
-7.4748
-7.7194
-7.8757
];